%YAML:1.0
---
depthShift: -1.2367686037359976e+01
