%YAML:1.0
---
rotation: !!opencv-matrix
   rows: 3
   cols: 3
   dt: d
   data: [ 9.9842733624535918e-01, 4.4822238969780270e-03,
       5.5881695634026105e-02, -6.2858243541170141e-03,
       9.9946356353393673e-01, 3.2141462011453292e-02,
       -5.5707653425591017e-02, -3.2442176822492425e-02,
       9.9791991788561496e-01 ]
translation: !!opencv-matrix
   rows: 3
   cols: 1
   dt: d
   data: [ -5.3876167073255925e-02, -2.2744338399628874e-02,
       4.0439146936377034e-02 ]
essential: !!opencv-matrix
   rows: 3
   cols: 3
   dt: d
   data: [ 1.5212270956332821e-03, -3.9679578055232506e-02,
       -2.3996801613151427e-02, 3.7374234912505418e-02,
       -1.5666028279370779e-03, 5.6023908322533504e-02,
       2.3047225326100044e-02, -5.3745320715490340e-02,
       -4.6066658146241271e-04 ]
fundamental: !!opencv-matrix
   rows: 3
   cols: 3
   dt: d
   data: [ 3.1703576363154518e-06, -8.2594720586997761e-05,
       -1.2428776090099942e-03, 7.7456583165709663e-05,
       -3.2427686778319163e-06, 2.0688917597375671e-02,
       7.7720223184049369e-03, -4.2783158229565764e-02, 1. ]
