%YAML:1.0
---
cameraMatrix: !!opencv-matrix
   rows: 3
   cols: 3
   dt: d
   data: [ 1.0972192141159683e+03, 0., 9.4692357522761074e+02, 0.,
       1.1033710476307920e+03, 5.4130698185142057e+02, 0., 0., 1. ]
distortionCoefficients: !!opencv-matrix
   rows: 1
   cols: 5
   dt: d
   data: [ 6.9989949695269560e-02, -3.8487454996658982e-02,
       1.5262115070853116e-03, -8.5335838335430150e-03,
       -2.2062332358449516e-01 ]
rotation: !!opencv-matrix
   rows: 3
   cols: 3
   dt: d
   data: [ 1., 0., 0., 0., 1., 0., 0., 0., 1. ]
projection: !!opencv-matrix
   rows: 4
   cols: 4
   dt: d
   data: [ 1.0972192141159683e+03, 0., 9.4692357522761074e+02, 0., 0.,
       1.1033710476307920e+03, 5.4130698185142057e+02, 0., 0., 0., 1.,
       0., 0., 0., 0., 1. ]
