%YAML:1.0
---
cameraMatrix: !!opencv-matrix
   rows: 3
   cols: 3
   dt: d
   data: [ 3.5179107528897777e+02, 0., 2.6895076491129544e+02, 0.,
       3.5221980984832680e+02, 2.0828568621491297e+02, 0., 0., 1. ]
distortionCoefficients: !!opencv-matrix
   rows: 1
   cols: 5
   dt: d
   data: [ 9.5814920343016141e-02, -3.6394089087138398e-01,
       3.6566320716274565e-03, 1.3066088651284046e-03,
       2.7835783992859620e-01 ]
rotation: !!opencv-matrix
   rows: 3
   cols: 3
   dt: d
   data: [ 1., 0., 0., 0., 1., 0., 0., 0., 1. ]
projection: !!opencv-matrix
   rows: 4
   cols: 4
   dt: d
   data: [ 3.5179107528897777e+02, 0., 2.6895076491129544e+02, 0., 0.,
       3.5221980984832680e+02, 2.0828568621491297e+02, 0., 0., 0., 1.,
       0., 0., 0., 0., 1. ]
